φ’
³⁵21·
P ,

127

Herc. f. 176, 858.

Hik. 260, 1174, 1188 sqq. - 1208Ι 1229, 1232.

Hipp- 367, (333, 335), 611, 612, 657, 713, 966, 976, 1625, 1636,
1055, 1063, 1191, 1252, 1306.

Iph- A· 58, 66, 78, 391, 395, 473, 739, 948, 1414-

Iph· T· 735, 743 sqq· — 759, 788, 974, 1676-

Ion. 870, 1478, 1528.

Cycl· 9, 154, 262-269¹ 271, 555, 558, 566, 583, 586-

Med· 21, 169, 268, 395, 439, 492‚619‚ 735 sqq„ 7⁴6-756‚ 1059.1410·

Or. 1516, 1517.

(Rhes.) 468, 816, 825 sqq.‚ 876.

Phoen. 427, 433, 481, 491, 626, 1006, 1240 sqq.‚ 1677.

Fragmm. 286, (7), 487, 645, 795.

Ι. Preces, contestatione quadam ita confirmatae, ut iuramentis
sint simillimae.

Som. Aiac. 76. 371, 492, 594, 1028, 1332.

Eun.

El. 369, 428, 889, 1119, 1206, 1208, 1346, 1484.
Oed R. 326, 536, 646, 697, 1009, 1037, 1060,1153,1165,1432,1472Ι
Ant. 839, 844, 938.

Oed. C. 49, 275, 515, 756, 1333, 1407.
Trach. 242, 429, 436.

Phil. 433, 468, 484, 747, 770, 933, 967, 1163, 1181, 1185, 1235,
1300, 1301.

Alc. 275, 276, 382, 1064, 1098.

Androm. 575, 892, 921.

Hec. 551, 1093, 1127.

Hel. 660, 1237.

El. 364, 1165.

Heracl. 226, 271.

Hik. 276.

fflpp. 219, 311, 333, 563, 665, 667, 891, 1358
[pla. A. 909, 1183, 1233, 1247.

lph. T. 509, 547, 1068.

Ion. 265.

Cycl. 624, 679.

Med. 65, 324, 670, 709, 714, 853, 1277, 1402.
Or· 92, 579, 747, 787, 1631·

Troad. 1042.

Phoen- 923, 1083, 1665.

Fragm. 22, 118.

